 52356 21864  1905 53178 24478 11994 44146   374
 55793 37430 42471 54967 28254 44186 36082 19337
 13090 14085 43622 10214 14224 14126 24454 58936
 45968 15745 39773 60161 11457 56872 58738 18155
 36337 52953 26843 39597  5194 61748 59170 55888
 57540  4932 15608 48314 46674 52508 11814  6766
  5629 36069 20978 37555 43997 33029  4688 44345
 19671  5971 26670 63253 17382 48479 41352 37558
 64522 37075 12836 32589 14176 35178 56085 64632
 64422 39921 19632 56361 45312  9507 45752 26723
 54878 26012 33341 54087 45071 10770 26700 38752
 36583 22911  1292  4909 21567 28079 40165 37104
 56055 19712  9278 33239 41550 45067  6584 22618
 59376 27242 42565 35781 15988   708 18289 64153
 33673 33057  5363 26775 14033 16447 51283 18367
   322 11793 62506 33384 35696 23901 13876 29325
 50753 18070 46601   507 35952  9445 42302 11737
 42148 33551 23897 46476 38725 64279 59356 44271
 49666 64668 59151 14574 64823 42321
